0.8566754637841725	0.0495670718483231	0.09375746436750441	
0.06281728491086584	0.8592185620474784	0.07796415304165576	
0.022750677374774538	0.009819663542694958	0.9674296590825304	
0.01874200787343263	0.006276428485477636	0.9749815636410897	
0.6224100182821689	0.04706559859554578	0.3305243831222854	
5.86887355398071E-4	2.137942936070299E-4	0.999199318350995	
0.08706306347079872	0.04225973232201826	0.870677204207183	
0.8308593947736541	0.042357128317307126	0.12678347690903877	
0.3556978345260842	0.04122530556569587	0.6030768599082199	
0.02631824270288732	0.9381411235814264	0.03554063371568634	
0.19351293106267284	0.09563385492194135	0.7108532140153858	
0.006191671027926735	0.9858871065608938	0.007921222411179403	
0.059991891417993305	0.03576729139423493	0.9042408171877718	
0.006405018407344488	0.9847035867884246	0.00889139480423092	
0.034238913125624076	0.011628817751275342	0.9541322691231006	
0.03291097664279182	0.016474017775173704	0.9506150055820345	
